function A = EQA_CRTBP(MU,x,y,z)
%EQA_CRTBP
%    A = EQA_CRTBP(MU,X,Y,Z)

%    This function was generated by the Symbolic Math Toolbox version 8.2.
%    04-Dec-2018 15:10:33

t2 = MU+x;
t3 = MU+x-1.0;
t4 = y.^2;
t5 = z.^2;
t6 = MU-1.0;
t12 = MU.*2.0;
t13 = x.*2.0;
t7 = t12+t13;
t8 = t2.^2;
t9 = t4+t5+t8;
t10 = t3.^2;
t11 = t4+t5+t10;
t14 = t12+t13-2.0;
t15 = 1.0./t9.^(5.0./2.0);
t16 = 1.0./t11.^(5.0./2.0);
t17 = MU.*t14.*t16.*y.*(3.0./2.0);
t18 = t17-t6.*t7.*t15.*y.*(3.0./2.0);
t19 = 1.0./t9.^(3.0./2.0);
t20 = t6.*t19;
t21 = 1.0./t11.^(3.0./2.0);
t22 = MU.*t14.*t16.*z.*(3.0./2.0);
t23 = t22-t6.*t7.*t15.*z.*(3.0./2.0);
t24 = MU.*t16.*y.*z.*3.0;
t25 = t24-t6.*t15.*y.*z.*3.0;
A = reshape([0.0,0.0,0.0,t20-MU.*t21-t6.*t7.^2.*t15.*(3.0./4.0)+MU.*t14.^2.*t16.*(3.0./4.0)+1.0,t18,t23,0.0,0.0,0.0,t18,t20-MU.*t21+MU.*t4.*t16.*3.0-t4.*t6.*t15.*3.0+1.0,t25,0.0,0.0,0.0,t23,t25,t20-MU.*t21+MU.*t5.*t16.*3.0-t5.*t6.*t15.*3.0,1.0,0.0,0.0,0.0,-2.0,0.0,0.0,1.0,0.0,2.0,0.0,0.0,0.0,0.0,1.0,0.0,0.0,0.0],[6,6]);
