{
  "Filter": "UKF",
  "Estimation": [
    {
      "Time": "2018-01-01T00:02:54.000Z",
      "PreFit": {
        "Declination": [
          -0.09126470584193967
        ],
        "RightAscension": [
          -0.6282241944469765
        ]
      },
      "PostFit": {
        "Declination": [
          -0.09126196273508662
        ],
        "RightAscension": [
          -0.6282239027580105
        ]
      },
      "EstimatedState": [
        3.57958304589654E7,
        -2.226784055108696E7,
        -87835.06353532824,
        1625.0956547452097,
        2610.759704229361,
        -2.0917608991327246,
        1.9381250077690206,
        1.5
      ],
      "EstimatedCovariance": [
        [
          1.624064861779167E7,
          -1.177336470147488E7,
          -1833373.9210169555,
          -0.024061310716431965,
          0.013934719126021872,
          -0.0010505959431422317,
          -1.3825615561055053E-4,
          -7.645552507202071E-11
        ],
        [
          -1.177336470147488E7,
          8584406.935075358,
          1331731.280083038,
          0.017487405171347135,
          -0.010098825684397107,
          7.631463709588069E-4,
          1.0043109049896691E-4,
          1.1160191091616344E-11
        ],
        [
          -1833373.9210169555,
          1331731.280083038,
          240089.99561605975,
          0.00271874561678914,
          -0.001572980406907766,
          1.390926996472329E-4,
          -0.001867191865712237,
          4.5473535012572495E-12
        ],
        [
          -0.024061310716431965,
          0.017487405171347135,
          0.00271874561678914,
          0.010000000034645318,
          -1.951132448447582E-11,
          1.5606540537643418E-12,
          1.9656233199007848E-13,
          3.300471004463448E-11
        ],
        [
          0.01393471912602187,
          -0.010098825684397109,
          -0.0015729804069077658,
          -1.951132448447582E-11,
          0.010000000012035628,
          -9.055880921679673E-13,
          -1.0738522360175281E-13,
          -1.6738965776537846E-10
        ],
        [
          -0.0010505959431422317,
          7.631463709588068E-4,
          1.3909269964723636E-4,
          1.5606540537643416E-12,
          -9.055880921679675E-13,
          0.010000000000858902,
          -1.1562379276524998E-12,
          -7.257923428930924E-11
        ],
        [
          -1.382561556105505E-4,
          1.004310904989669E-4,
          -0.0018671918657122367,
          1.9656233199007846E-13,
          -1.0738522360175281E-13,
          -1.1562379276525E-12,
          0.3061777343748592,
          7.899324531577636E-27
        ],
        [
          -7.645552507202071E-11,
          1.1160191091616344E-11,
          4.5473535012572495E-12,
          3.300471004463448E-11,
          -1.6738965776537846E-10,
          -7.257923428930924E-11,
          7.899324531577635E-27,
          0.03125
        ]
      ],
      "InnovationCovariance": [
        [
          1.7757888274048904E-8,
          1.7787677892573475E-16
        ],
        [
          1.7787677892573475E-16,
          1.7610575980576957E-8
        ]
      ],
      "xBar": [
        3.579581639446499E7,
        -2.2267843870614287E7,
        -87938.08470087327,
        1625.0956547535068,
        2610.759704216733,
        -2.0917609629302456,
        1.938125,
        1.5
      ],
      "PBar": [
        [
          2.5000000002593957E7,
          -0.0028218632167648586,
          -1.2167638760966383E-5,
          -0.020711856733722177,
          0.022508080187958683,
          8.892013429005803E-5,
          1.4406595008425098E-10,
          0.0
        ],
        [
          -0.0028218632167648586,
          2.499999999980831E7,
          6.791240238724266E-6,
          0.022508073756857823,
          0.0014677109396156172,
          -5.569138833441777E-5,
          7.203311703520519E-11,
          1.1641532182693481E-10
        ],
        [
          -1.2167638760966383E-5,
          6.791240238724266E-6,
          2.4999999998054318E7,
          8.891998827237114E-5,
          -5.56913051192113E-5,
          0.015471308925782083,
          8.810494651554088E-15,
          4.547473508864641E-12
        ],
        [
          -0.020711856733722177,
          0.022508073756857823,
          8.891998827237114E-5,
          0.01000000003638125,
          -1.6195118611032023E-11,
          -6.609069575307774E-14,
          -1.7586019446206229E-15,
          3.3004710076056654E-11
        ],
        [
          0.022508080187958683,
          0.0014677109396156172,
          -5.56913051192113E-5,
          -1.6195118611032023E-11,
          0.010000000020430099,
          3.8117360591043584E-14,
          7.034555229973038E-15,
          -1.673896576903644E-10
        ],
        [
          8.892013429005803E-5,
          -5.569138833441777E-5,
          0.015471308925782083,
          -6.609069575307774E-14,
          3.8117360591043584E-14,
          0.010000000010353158,
          -6.366435163975777E-18,
          -7.257923428927171E-11
        ],
        [
          1.4406595008425098E-10,
          7.203311703520519E-11,
          8.810494651554088E-15,
          -1.7586019446206229E-15,
          7.034555229973038E-15,
          -6.366435163975777E-18,
          0.306177734375,
          0.0
        ],
        [
          0.0,
          1.1641532182693481E-10,
          4.547473508864641E-12,
          3.3004710076056654E-11,
          -1.673896576903644E-10,
          -7.257923428927171E-11,
          0.0,
          0.03125
        ]
      ]
    },
    {
      "Time": "2018-01-01T00:07:54.000Z",
      "PreFit": {
        "Declination": [
          -0.09127757633259817
        ],
        "RightAscension": [
          -0.6063356702669318
        ]
      },
      "PostFit": {
        "Declination": [
          -0.09128150680708967
        ],
        "RightAscension": [
          -0.6063376904162768
        ]
      },
      "EstimatedState": [
        3.627543874605611E7,
        -2.1479914865521427E7,
        -88672.01115588164,
        1567.5741075004962,
        2645.667548134415,
        -1.9648281266935947,
        1.90668327792147,
        1.4999998321403485
      ],
      "EstimatedCovariance": [
        [
          1.3998565049185287E7,
          -9920747.066300597,
          -1568668.723752285,
          59.899410624516264,
          -13.362482564893345,
          2.176122650148911,
          0.0024028127206388752,
          2.1610626024273148E-4
        ],
        [
          -9920747.066300597,
          7055529.033069794,
          1113019.50230617,
          -41.446242600761224,
          10.920787736334342,
          -1.5458573712204244,
          -0.0019863298283278622,
          -1.2823858743755368E-4
        ],
        [
          -1568668.723752285,
          1113019.50230617,
          192574.87739151652,
          -6.549892598895028,
          1.4947608086127686,
          1.2104957529466283,
          -0.0012149627691412713,
          -1.2105800946549237E-5
        ],
        [
          59.899410624516264,
          -41.446242600761224,
          -6.549892598895028,
          0.010197192060627993,
          -1.1959900985932879E-4,
          -9.369461240244008E-7,
          -7.320689779167712E-8,
          -7.895028554095876E-8
        ],
        [
          -13.362482564893345,
          10.920787736334347,
          1.494760808612769,
          -1.1959900985932879E-4,
          0.00992138355321912,
          5.048706874163717E-6,
          1.5711190957303497E-8,
          3.9742497499319644E-7
        ],
        [
          2.176122650148911,
          -1.5458573712204244,
          1.2104957529466285,
          -9.369461240244025E-7,
          5.048706874163717E-6,
          0.00986586423128751,
          7.87008774164497E-8,
          1.7212049154361674E-7
        ],
        [
          0.0024028127206388752,
          -0.001986329828327862,
          -0.0012149627691412713,
          -7.320689779167712E-8,
          1.5711190957303493E-8,
          7.87008774164497E-8,
          0.2225734684263695,
          3.693785801373653E-13
        ],
        [
          2.1610626024273145E-4,
          -1.2823858743755365E-4,
          -1.210580094654923E-5,
          -7.895028554095876E-8,
          3.9742497499319644E-7,
          1.7212049154361674E-7,
          3.693785801373653E-13,
          0.031249999999969576
        ]
      ],
      "InnovationCovariance": [
        [
          5.5057076055229E-11,
          -2.1071834838663367E-14
        ],
        [
          -2.1071834838663367E-14,
          4.667197028178698E-11
        ]
      ],
      "xBar": [
        3.6274749853667386E7,
        -2.147934485913524E7,
        -88441.65218495693,
        1567.5754549583567,
        2645.672299176445,
        -1.952000919160517,
        1.906675763669582,
        1.5
      ],
      "PBar": [
        [
          1.6258270496028638E7,
          -1.1784119581021735E7,
          -1833909.6296564746,
          58.93968359204758,
          -30.900115708676605,
          2.7259527351662585,
          -1.500440957960389E-4,
          -1.1806789723923061E-5
        ],
        [
          -1.1784119581021735E7,
          8592084.900154263,
          1331962.2629180828,
          -40.653271116549625,
          25.381583045701067,
          -1.9798827006868809,
          1.0641751901208478E-4,
          5.9847107004609896E-5
        ],
        [
          -1833909.6296564746,
          1331962.2629180828,
          240881.77223523386,
          -6.316064139622128,
          3.4848988315794087,
          2.6387164961294736,
          -0.0018679007689044527,
          2.594733032467022E-5
        ],
        [
          58.93968359204758,
          -40.653271116549625,
          -6.316064139622128,
          0.010198454711103566,
          -1.1263320796982241E-4,
          9.362637267389157E-6,
          -7.884425565598832E-8,
          -7.87737462614231E-8
        ],
        [
          -30.900115708676605,
          25.381583045701067,
          3.4848988315794087,
          -1.1263320796982241E-4,
          0.010057766043993284,
          -5.164398805201224E-6,
          3.9318268104325105E-8,
          3.9914880060926197E-7
        ],
        [
          2.7259527351662585,
          -1.9798827006868809,
          2.6387164961294736,
          9.362637267389157E-6,
          -5.164398805201224E-6,
          0.009995753421034948,
          -4.722340902060582E-9,
          1.7304735790334277E-7
        ],
        [
          -1.500440957960389E-4,
          1.0641751901208478E-4,
          -0.0018679007689044527,
          -7.884425565598832E-8,
          3.9318268104325105E-8,
          -4.722340902060582E-9,
          0.2225734684820928,
          2.1684043449710089E-19
        ],
        [
          -1.1806789723923061E-5,
          5.9847107004609896E-5,
          2.594733032467022E-5,
          -7.87737462614231E-8,
          3.9914880060926197E-7,
          1.7304735790334277E-7,
          2.1684043449710089E-19,
          0.03125
        ]
      ]
    },
    {
      "Time": "2018-01-01T00:12:54.000Z",
      "PreFit": {
        "Declination": [
          -0.09129621459560584
        ],
        "RightAscension": [
          -0.5844502815404814
        ]
      },
      "PostFit": {
        "Declination": [
          -0.09129739108108506
        ],
        "RightAscension": [
          -0.5844477454437057
        ]
      },
      "EstimatedState": [
        3.673568945893182E7,
        -2.068016205378084E7,
        -89136.41227034747,
        1509.3017699261654,
        2679.324411477056,
        -1.834664011520653,
        1.891618425785713,
        1.4999999959297186
      ],
      "EstimatedCovariance": [
        [
          9976489.527864702,
          -6891639.579325442,
          -1107458.020989296,
          98.20554429855079,
          0.14764453610093398,
          2.846125588312467,
          0.001937343249768658,
          0.0012399105635104422
        ],
        [
          -6891639.579325443,
          4777904.255502135,
          765914.7858654342,
          -65.92435905916447,
          2.6739065226091903,
          -1.9731819712195322,
          -0.0016454346994298759,
          -7.438342713330021E-4
        ],
        [
          -1107458.020989296,
          765914.7858654342,
          134835.16234822734,
          -10.591409693342897,
          -0.022882093430537154,
          2.494820926725292,
          -8.141851477938688E-4,
          -8.289202406235678E-5
        ],
        [
          98.20554429855079,
          -65.92435905916447,
          -10.591409693342897,
          0.0107361885163708,
          -2.412016628819863E-4,
          -1.1526284426017397E-5,
          -9.17867133917705E-8,
          -1.5428588001516342E-7
        ],
        [
          0.14764453610092687,
          2.673906522609194,
          -0.022882093430537154,
          -2.412016628819863E-4,
          0.009643573352802035,
          2.703588982158531E-5,
          2.7126336666756776E-8,
          7.86564097003716E-7
        ],
        [
          2.846125588312467,
          -1.9731819712195326,
          2.494820926725292,
          -1.152628442601739E-5,
          2.703588982158531E-5,
          0.00948380587818642,
          1.5485551885754038E-7,
          3.3900983211395853E-7
        ],
        [
          0.0019373432497686582,
          -0.001645434699429876,
          -8.141851477938688E-4,
          -9.17867133917705E-8,
          2.7126336666756776E-8,
          1.5485551885754038E-7,
          0.18576856455256593,
          1.6008235909498148E-10
        ],
        [
          0.0012399105635104422,
          -7.438342713330021E-4,
          -8.289202406235684E-5,
          -1.5428588001516342E-7,
          7.86564097003716E-7,
          3.3900983211395853E-7,
          1.6008235909498148E-10,
          0.031249989518157023
        ]
      ],
      "InnovationCovariance": [
        [
          5.1441252662099226E-11,
          -9.258988054068985E-14
        ],
        [
          -9.258988054068985E-14,
          3.593900918238934E-11
        ]
      ],
      "xBar": [
        3.673698928031352E7,
        -2.0681136117015798E7,
        -89240.32063493582,
        1509.3068942610932,
        2679.311605050173,
        -1.8237463669665868,
        1.8916164070693784,
        1.499999842621769
      ],
      "PBar": [
        [
          1.4049964136180704E7,
          -9946167.012827199,
          -1570444.3647554046,
          111.61129102107508,
          -38.552413350245146,
          4.511009593880118,
          0.0023773465434927016,
          1.806905625278456E-4
        ],
        [
          -9946167.012827199,
          7068367.342739136,
          1113182.5139956318,
          -75.97495467260026,
          31.692475394005974,
          -3.1993975258623015,
          -0.001979991893614061,
          5.082523588129948E-5
        ],
        [
          -1570444.3647554046,
          1113182.5139956318,
          194102.34513483182,
          -11.986732531841485,
          4.30636443328521,
          3.8802642839098844,
          -0.0011915376388189963,
          6.549728951630551E-5
        ],
        [
          111.61129102107508,
          -75.97495467260026,
          -11.986732531841485,
          0.010782786197670981,
          -3.699027934670353E-4,
          2.437146924652376E-5,
          -9.666208486744083E-8,
          -1.5723087691263455E-7
        ],
        [
          -38.552413350245146,
          31.692475394005974,
          4.30636443328521,
          -3.699027934670353E-4,
          0.010011967307322876,
          -5.217602135824698E-6,
          2.6362846682478496E-8,
          7.963349629410215E-7
        ],
        [
          4.511009593880118,
          -3.1993975258623015,
          3.8802642839098844,
          2.437146924652376E-5,
          -5.217602135824698E-6,
          0.009857654868597078,
          7.746122404471458E-8,
          3.452123110519251E-7
        ],
        [
          0.0023773465434927016,
          -0.001979991893614061,
          -0.0011915376388189963,
          -9.666208486744083E-8,
          2.6362846682478496E-8,
          7.746122404471458E-8,
          0.18576856456873955,
          1.5858858199097395E-10
        ],
        [
          1.806905625278456E-4,
          5.082523588129948E-5,
          6.549728951630551E-5,
          -1.5723087691263455E-7,
          7.963349629410215E-7,
          3.452123110519251E-7,
          1.5858858199097395E-10,
          0.031249989518550438
        ]
      ]
    },
    {
      "Time": "2018-01-01T00:17:54.000Z",
      "PreFit": {
        "Declination": [
          -0.09131117168040116
        ],
        "RightAscension": [
          -0.5625596001286631
        ]
      },
      "PostFit": {
        "Declination": [
          -0.09131220165275072
        ],
        "RightAscension": [
          -0.5625600998985704
        ]
      },
      "EstimatedState": [
        3.71798767206529E7,
        -1.9871643956537984E7,
        -89730.32168128713,
        1450.3086454513382,
        2711.6853102652162,
        -1.708010046054397,
        1.8847015603539499,
        1.499999441977773
      ],
      "EstimatedCovariance": [
        [
          6653287.8290294185,
          -4459116.165463021,
          -730138.0473273003,
          112.41262350799977,
          21.543599924111632,
          2.41774090711176,
          2.0667924128944738E-4,
          0.0028979824181224736
        ],
        [
          -4459116.165463021,
          3002885.6132143447,
          490076.06138121116,
          -72.73612454708935,
          -10.600363936988302,
          -1.631532284069675,
          -4.004922047439914E-4,
          -0.0016920837835599266
        ],
        [
          -730138.0473273003,
          490076.06138121116,
          90194.47024619223,
          -11.910896904212452,
          -2.3757796722211144,
          3.6554683354476394,
          -4.1178169268691364E-4,
          -1.9633289977729457E-4
        ],
        [
          112.41262350799977,
          -72.73612454708935,
          -11.910896904212452,
          0.011366598551157786,
          -2.0449931975494222E-4,
          -5.06990298788917E-5,
          -1.0162638803571533E-7,
          -2.1883339887671084E-7
        ],
        [
          21.543599924111632,
          -10.600363936988298,
          -2.3757796722211153,
          -2.0449931975494216E-4,
          0.00923303328117503,
          6.960870964872236E-5,
          4.514965909441114E-8,
          1.1650834647091908E-6
        ],
        [
          2.41774090711176,
          -1.6315322840696753,
          3.6554683354476394,
          -5.0699029878891716E-5,
          6.960870964872237E-5,
          0.008801650927127603,
          2.1858478604102775E-7,
          4.940630112474181E-7
        ],
        [
          2.0667924128944738E-4,
          -4.004922047439912E-4,
          -4.117816926869136E-4,
          -1.0162638803571533E-7,
          4.514965909441114E-8,
          2.1858478604102775E-7,
          0.1696182743512632,
          1.561172761456092E-10
        ],
        [
          0.0028979824181224736,
          -0.0016920837835599266,
          -1.9633289977729463E-4,
          -2.1883339887671084E-7,
          1.1650834647091908E-6,
          4.940630112474181E-7,
          1.561172761456092E-10,
          0.031249989516741485
        ]
      ],
      "InnovationCovariance": [
        [
          5.084164130044782E-11,
          -1.6779440055956138E-13
        ],
        [
          -1.6779440055956138E-13,
          3.309421285733417E-11
        ]
      ],
      "xBar": [
        3.7179648667486496E7,
        -1.987147800426516E7,
        -89665.55816619073,
        1450.3083155292927,
        2711.68727784258,
        -1.6928301474174439,
        1.8846999672077311,
        1.4999999959297188
      ],
      "PBar": [
        [
          1.0046810674887758E7,
          -6917550.696097864,
          -1110112.113845684,
          136.3541990208318,
          -16.80344677260448,
          4.493760930490852,
          0.0019093297389857398,
          0.001182383461047064
        ],
        [
          -6917550.696097864,
          4783897.8241561875,
          765430.5594477092,
          -90.07788292961095,
          17.17883531992164,
          -3.1032336574060655,
          -0.001637090649592652,
          -4.4829567356839716E-4
        ],
        [
          -1110112.113845684,
          765430.5594477092,
          137124.51038704976,
          -14.448700756527987,
          1.8498424069908261,
          5.135128906984172,
          -7.676918346496926E-4,
          4.478841059292551E-5
        ],
        [
          136.3541990208318,
          -90.07788292961095,
          -14.448700756527987,
          0.01154016885957993,
          -4.7726153570750476E-4,
          1.97696971183316E-5,
          -9.500235817458773E-8,
          -2.2933866062272668E-7
        ],
        [
          -16.80344677260448,
          17.17883531992164,
          1.8498424069908261,
          -4.7726153570750476E-4,
          0.009667415765679565,
          1.9550652506862877E-5,
          2.8477076713540924E-8,
          1.1837082151760745E-6
        ],
        [
          4.493760930490852,
          -3.1032336574060655,
          5.135128906984172,
          1.97696971183316E-5,
          1.9550652506862877E-5,
          0.009471534197412675,
          1.5508773716039264E-7,
          5.12158696406286E-7
        ],
        [
          0.0019093297389857398,
          -0.001637090649592652,
          -7.676918346496926E-4,
          -9.500235817458773E-8,
          2.8477076713540924E-8,
          1.5508773716039264E-7,
          0.16961827435834714,
          1.5340848516097634E-10
        ],
        [
          0.001182383461047064,
          -4.4829567356839716E-4,
          4.478841059292551E-5,
          -2.2933866062272668E-7,
          1.1837082151760745E-6,
          5.12158696406286E-7,
          1.5340848516097634E-10,
          0.031249989518157016
        ]
      ]
    },
    {
      "Time": "2018-01-01T00:22:54.000Z",
      "PreFit": {
        "Declination": [
          -0.09132507913161059
        ],
        "RightAscension": [
          -0.5406724075492627
        ]
      },
      "PostFit": {
        "Declination": [
          -0.09132428007685037
        ],
        "RightAscension": [
          -0.5406738840072035
        ]
      },
      "EstimatedState": [
        3.7606638435765885E7,
        -1.9053874041662063E7,
        -90258.75058381338,
        1390.6305743052621,
        2742.7404411744137,
        -1.5501513628846288,
        1.8816023012302021,
        1.4999995051351336
      ],
      "EstimatedCovariance": [
        [
          4625170.314105948,
          -2988305.1491311705,
          -500754.79597340943,
          116.09533807205425,
          38.476606423127336,
          1.6940680742108247,
          -9.280513306193638E-4,
          0.004763755211494154
        ],
        [
          -2988305.1491311705,
          1943920.3343106995,
          324188.00158002094,
          -72.01708991072479,
          -20.327832247387327,
          -1.1095441165006854,
          3.974776717351351E-4,
          -0.0026608267926426575
        ],
        [
          -500754.79597340943,
          324188.0015800209,
          63676.09866115633,
          -12.073698658431413,
          -4.183263993773029,
          4.487247396898369,
          -1.3333897719402718E-4,
          -3.126415492466052E-4
        ],
        [
          116.09533807205425,
          -72.01708991072479,
          -12.073698658431413,
          0.011967635266655535,
          -5.231548510211271E-5,
          -1.1999536049965077E-4,
          -1.1185241262634381E-7,
          -2.703673323532248E-7
        ],
        [
          38.476606423127336,
          -20.327832247387327,
          -4.1832639937730285,
          -5.2315485102112766E-5,
          0.008813501805359666,
          1.2315320399429488E-4,
          5.91222922316519E-8,
          1.535473013549399E-6
        ],
        [
          1.6940680742108245,
          -1.1095441165006854,
          4.487247396898369,
          -1.1999536049965077E-4,
          1.2315320399429488E-4,
          0.007859968145261204,
          2.6289157977661534E-7,
          6.314145838862222E-7
        ],
        [
          -9.28051330619364E-4,
          3.974776717351351E-4,
          -1.3333897719402718E-4,
          -1.1185241262634381E-7,
          5.91222922316519E-8,
          2.6289157977661534E-7,
          0.16254269729875223,
          2.4778343577043896E-10
        ],
        [
          0.004763755211494155,
          -0.0026608267926426575,
          -3.126415492466051E-4,
          -2.703673323532248E-7,
          1.5354730135493987E-6,
          6.314145838862222E-7,
          2.4778343577043896E-10,
          0.03124995996912387
        ]
      ],
      "InnovationCovariance": [
        [
          4.777500780867553E-11,
          -2.0772932249582422E-13
        ],
        [
          -2.0772932249582422E-13,
          3.2249877310862525E-11
        ]
      ],
      "xBar": [
        3.760603339237824E7,
        -1.9053446172343668E7,
        -90221.3287238915,
        1390.6226672125913,
        2742.7488728801727,
        -1.5652352319688279,
        1.8816026919041886,
        1.4999994715220883
      ],
      "PBar": [
        [
          6728745.869265925,
          -4478427.848036979,
          -733208.3922935307,
          139.24179435041307,
          10.910585919348312,
          3.4927271128874806,
          1.7590520218962487E-4,
          0.002821901228463243
        ],
        [
          -4478427.848036979,
          2999489.9915870056,
          488946.0699607339,
          -88.40951844649365,
          -0.802318931020731,
          -2.3374099023057058,
          -3.8678792879133126E-4,
          -0.0012833832337906215
        ],
        [
          -733208.3922935307,
          488946.0699607339,
          93138.5736358473,
          -14.471218495875661,
          -1.2016168055521448,
          6.156648280064362,
          -3.4615751964769357E-4,
          -2.211663314274284E-5
        ],
        [
          139.24179435041307,
          -88.40951844649365,
          -14.471218495875661,
          0.012229127208348352,
          -3.583733492460181E-4,
          -2.0905192100417737E-5,
          -1.0356053088458834E-7,
          -2.8851074242121326E-7
        ],
        [
          10.910585919348312,
          -0.802318931020731,
          -1.2016168055521448,
          -3.583733492460181E-4,
          0.009175839236143448,
          6.766219583393388E-5,
          4.620757709803048E-8,
          1.55962217249034E-6
        ],
        [
          3.4927271128874806,
          -2.3374099023057058,
          6.156648280064362,
          -2.0905192100417737E-5,
          6.766219583393388E-5,
          0.008785913866217085,
          2.1889231991523984E-7,
          6.673321250595707E-7
        ],
        [
          1.7590520218962487E-4,
          -3.8678792879133126E-4,
          -3.4615751964769357E-4,
          -1.0356053088458834E-7,
          4.620757709803048E-8,
          2.1889231991523984E-7,
          0.16254269730151666,
          2.449373736197443E-10
        ],
        [
          0.002821901228463243,
          -0.0012833832337906215,
          -2.211663314274284E-5,
          -2.8851074242121326E-7,
          1.55962217249034E-6,
          6.673321250595707E-7,
          2.449373736197443E-10,
          0.031249959972444008
        ]
      ]
    },
    {
      "Time": "2018-01-01T00:27:54.000Z",
      "PreFit": {
        "Declination": [
          -0.09133600203504673
        ],
        "RightAscension": [
          -0.5187869286413113
        ]
      },
      "PostFit": {
        "Declination": [
          -0.0913361800438119
        ],
        "RightAscension": [
          -0.5187856576988757
        ]
      },
      "EstimatedState": [
        3.801434783407383E7,
        -1.8226248242118575E7,
        -90659.71709761584,
        1330.2750104461365,
        2772.4961012273857,
        -1.4101739657660108,
        1.8802317377035427,
        1.5000000688263295
      ],
      "EstimatedCovariance": [
        [
          3481043.63944237,
          -2153023.171296722,
          -371216.3625990456,
          117.40178537377503,
          49.79447438151328,
          0.9945341760857893,
          -0.0014071173049282617,
          0.006658982353701711
        ],
        [
          -2153023.171296722,
          1344349.5210613557,
          230204.85002610105,
          -69.5448925023988,
          -25.959699028648878,
          -0.6323730334675517,
          7.261751789171478E-4,
          -0.003525381836381201
        ],
        [
          -371216.3625990456,
          230204.85002610105,
          48923.09205141106,
          -12.000842217600091,
          -5.333305518970928,
          4.922931583785286,
          3.696870438733896E-5,
          -4.211830850128263E-4
        ],
        [
          117.40178537377503,
          -69.5448925023988,
          -12.000842217600091,
          0.012537391970596399,
          1.511089781305167E-4,
          -2.0921138298211786E-4,
          -1.2045115733099243E-7,
          -3.0880726642406086E-7
        ],
        [
          49.79447438151328,
          -25.959699028648878,
          -5.333305518970928,
          1.511089781305167E-4,
          0.008429447529971615,
          1.7711244283160303E-4,
          6.697710291594489E-8,
          1.8993587171723827E-6
        ],
        [
          0.9945341760857893,
          -0.6323730334675518,
          4.922931583785286,
          -2.0921138298211786E-4,
          1.7711244283160303E-4,
          0.006774477360303352,
          2.856368776898699E-7,
          7.489756074520092E-7
        ],
        [
          -0.0014071173049282617,
          7.261751789171477E-4,
          3.696870438733897E-5,
          -1.2045115733099243E-7,
          6.697710291594489E-8,
          2.856368776898699E-7,
          0.15944530876891125,
          2.6256804774583197E-10
        ],
        [
          0.00665898235370171,
          -0.0035253818363812006,
          -4.211830850128263E-4,
          -3.088072664240609E-7,
          1.8993587171723827E-6,
          7.489756074520092E-7,
          2.6256804774583197E-10,
          0.031249949215171165
        ]
      ],
      "InnovationCovariance": [
        [
          4.412718386868334E-11,
          -2.1644755725439233E-13
        ],
        [
          -2.1644755725439233E-13,
          3.208669104516846E-11
        ]
      ],
      "xBar": [
        3.801479158313513E7,
        -1.822655655438712E7,
        -90702.27442701942,
        1330.2820571276886,
        2772.4893835585513,
        -1.406551824677275,
        1.8802318319552849,
        1.4999995158826913
      ],
      "PBar": [
        [
          4700771.842173546,
          -3000978.437682968,
          -504028.6237433073,
          136.01799243290375,
          31.57167211946619,
          2.4069943392203297,
          -9.621802002001536E-4,
          0.004673125441631338
        ],
        [
          -3000978.437682968,
          1933851.8358257487,
          322651.7346259745,
          -82.48137813963088,
          -13.29297279626215,
          -1.551850515037183,
          4.154958911889091E-4,
          -0.002141406801883912
        ],
        [
          -504028.6237433073,
          322651.7346259745,
          67046.21758579873,
          -13.853800453574802,
          -3.405036844529053,
          6.744693528477723,
          -5.4457513756762485E-5,
          -9.719914418901694E-5
        ],
        [
          136.01799243290375,
          -82.48137813963088,
          -13.853800453574802,
          0.01282980143495814,
          -1.2967854448332191E-4,
          -9.372111148114431E-5,
          -1.1570377418735928E-7,
          -3.339933425705501E-7
        ],
        [
          31.57167211946619,
          -13.29297279626215,
          -3.405036844529053,
          -1.2967854448332191E-4,
          0.008702552159315024,
          1.2582166732897637E-4,
          6.098647367489404E-8,
          1.9273809872853626E-6
        ],
        [
          2.4069943392203297,
          -1.551850515037183,
          6.744693528477723,
          -9.372111148114431E-5,
          1.2582166732897637E-4,
          0.007841988142758445,
          2.629639291794312E-7,
          8.048105980437427E-7
        ],
        [
          -9.621802002001536E-4,
          4.154958911889091E-4,
          -5.4457513756762485E-5,
          -1.1570377418735928E-7,
          6.098647367489404E-8,
          2.629639291794312E-7,
          0.15944530876957802,
          2.6057891602945457E-10
        ],
        [
          0.004673125441631338,
          -0.002141406801883912,
          -9.719914418901694E-5,
          -3.339933425705501E-7,
          1.9273809872853626E-6,
          8.048105980437427E-7,
          2.6057891602945457E-10,
          0.03124994922157513
        ]
      ]
    },
    {
      "Time": "2018-01-01T00:32:54.000Z",
      "PreFit": {
        "Declination": [
          -0.09134689881106696
        ],
        "RightAscension": [
          -0.4968986548771101
        ]
      },
      "PostFit": {
        "Declination": [
          -0.09134619479075157
        ],
        "RightAscension": [
          -0.4969012310657192
        ]
      },
      "EstimatedState": [
        3.840508669378658E7,
        -1.7390740509620376E7,
        -91121.48496174111,
        1269.306063281882,
        2800.9042065741396,
        -1.2517147927263808,
        1.879629308030985,
        1.499998818700875
      ],
      "EstimatedCovariance": [
        [
          2833513.9639824554,
          -1667159.4285142564,
          -297362.111885561,
          119.02509678636403,
          57.15122274153158,
          0.37394352581978674,
          -0.0015404182960905243,
          0.008552822089740588
        ],
        [
          -1667159.4285142564,
          993280.8054517158,
          175528.65669398897,
          -67.13900087673665,
          -28.796057380339526,
          -0.23623320816886473,
          8.127548782709362E-4,
          -0.004265371652587516
        ],
        [
          -297362.111885561,
          175528.65669398897,
          40538.56658904079,
          -11.98772853123653,
          -6.025041491856071,
          5.011922187837176,
          1.4060857039819604E-4,
          -5.25173859907819E-4
        ],
        [
          119.02509678636403,
          -67.13900087673665,
          -11.98772853123653,
          0.01309511744728919,
          3.7407942672085926E-4,
          -3.0565975761660504E-4,
          -1.269943072415017E-7,
          -3.3338433195411107E-7
        ],
        [
          57.15122274153158,
          -28.796057380339526,
          -6.025041491856071,
          3.7407942672085926E-4,
          0.008084779603848184,
          2.240463506367044E-4,
          7.06832860154439E-8,
          2.256912673843134E-6
        ],
        [
          0.37394352581978696,
          -0.23623320816886473,
          5.011922187837176,
          -3.05659757616605E-4,
          2.240463506367044E-4,
          0.005679147448702033,
          2.8949729968301183E-7,
          8.489580357797307E-7
        ],
        [
          -0.0015404182960905243,
          8.127548782709362E-4,
          1.4060857039819604E-4,
          -1.269943072415017E-7,
          7.06832860154439E-8,
          2.8949729968301183E-7,
          0.15808985149206908,
          2.6230555857199625E-10
        ],
        [
          0.008552822089740588,
          -0.004265371652587516,
          -5.251738599078191E-4,
          -3.3338433195411107E-7,
          2.256912673843134E-6,
          8.489580357797307E-7,
          2.6230555857199625E-10,
          0.031249949204203403
        ]
      ],
      "InnovationCovariance": [
        [
          4.097081235687178E-11,
          -2.0998722316359804E-13
        ],
        [
          -2.0998722316359804E-13,
          3.208588819459362E-11
        ]
      ],
      "xBar": [
        3.84042979864304E7,
        -1.7390202790475864E7,
        -91061.1501989791,
        1269.2891257336476,
        2800.917752256618,
        -1.265935345483776,
        1.879629253006719,
        1.5000000688263295
      ],
      "PBar": [
        [
          3556275.626997187,
          -2160792.0783619517,
          -374647.01921910606,
          133.46874004597458,
          44.98586939645179,
          1.4879354115700048,
          -0.0014439964785924824,
          0.0065577400870924325
        ],
        [
          -2160792.0783619517,
          1330428.4134523927,
          228458.17834211435,
          -76.9966146892462,
          -20.488986900101665,
          -0.9182968006302547,
          7.465965499061848E-4,
          -0.002897153228249437
        ],
        [
          -374647.01921910606,
          228458.17834211435,
          52463.43814326626,
          -13.35281377480956,
          -4.765434120535815,
          6.8763425796065185,
          1.2264229989982284E-4,
          -1.7045307265496965E-4
        ],
        [
          133.46874004597458,
          -76.9966146892462,
          -13.35281377480956,
          0.013392547738096646,
          1.289470396186628E-4,
          -1.8620728555476102E-4,
          -1.2544254411181532E-7,
          -3.6632624259161307E-7
        ],
        [
          44.98586939645179,
          -20.488986900101665,
          -4.765434120535815,
          1.289470396186628E-4,
          0.008290008397769666,
          1.8295401768982162E-4,
          6.914656996345601E-8,
          2.2889008930418735E-6
        ],
        [
          1.4879354115700048,
          -0.9182968006302547,
          6.8763425796065185,
          -1.8620728555476102E-4,
          1.8295401768982162E-4,
          0.006755611303568677,
          2.8549770455027526E-7,
          9.224909534583524E-7
        ],
        [
          -0.0014439964785924824,
          7.465965499061848E-4,
          1.2264229989982284E-4,
          -1.2544254411181532E-7,
          6.914656996345601E-8,
          2.8549770455027526E-7,
          0.15808985149209795,
          2.617437153655403E-10
        ],
        [
